0.0313700 //////////// 200 x 200 T
0.0366020
0.0319960
0.0288300
0.0000410
0.0000120
0.0000090 
0.0000100
0.0000170
0.0000150
0.0000220 /////////// 200 x 200 N
0.0000180
0.0000150
0.0000200
0.2338210
0.2692150
0.2586920
0.2516230
0.2198030
0.2182750
0.0589810 ///////////// 400 x 400 T
0.0306380
0.0317700
0.0319280
0.0311150
0.0300460
0.0338750
0.0322660
0.0320720
0.0308180
0.0361030 ///////////// 400 x 400 N
0.0361830
0.0353430
0.0352370
0.0365140
0.0364490
0.0349060
0.0366860
0.0351720
0.0371510
0.2196260 ////////////// 600 x 600 T
0.2973500
0.2418790
0.2197780
0.2231770
0.2190040
0.2200710
0.2200640
0.2240500
0.2279930 
0.2781580 ////////////// 600 x 600 N
0.2772180
0.2861530
0.3315730
0.3077520
0.3923620
0.3612100
0.4769160
0.4584400
0.3381090
0.9336250 //////////////// 800 x 800 T
0.7679000
0.7659800
0.7588860
0.7611710
0.7659740
0.7529680
0.7702970
0.7604070
0.7608430
1.0246780 //////////////// 800 x 800 N
1.0335860
1.0287310
1.0229310
1.0234950
1.0479130
1.0278900
1.0557690
1.0491430
1.0201840 
2.0309811  ///////////////// 1000 x 1000 T
1.7962630
1.8076890
1.8009250
1.8160870
1.8188260
1.8145601
1.8008960
1.8275920
1.8377070
2.5085149 ////////////////// 1000 x 1000 N
2.5411110
2.5217919
2.5727799
2.5573421
2.5618730
2.5650530
2.5624440
2.5971439
2.5365081
3.5807130 ////////////////// 1200 x 1200 T
3.5564120
3.6370780
3.6477981
3.6743929
3.7097061
3.7106340
3.5737231
3.7369440
3.7042680
7.0614109 ////////////////// 1200 x 1200 N
6.8286252
6.8432851
7.1158519
6.9457741
7.1541162
7.2048259
8.9835300
6.8560729
7.3175712
6.4003448 ////////////////// 1400 x 1400 T
6.4689922
6.2894731
6.3866968
6.4032679
6.3035531
6.2760749
6.4840341
6.3404341
6.5082908
21.0947609 ///////////////// 1400 x 1400 N
19.5078888
18.8750248
21.5426941
20.2248020
19.6615181
20.5094357
20.2244492
21.4216499
19.3147621
10.4597044 ///////////////// 1600 x 1600 T
10.4380226
10.2906780
10.6938753
10.2693920
10.3286018
10.2516003
10.2598743
10.6979313
10.6193428
36.8900871 ///////////////// 1600 x 1600 N
37.7096558
37.0770912
36.7405243
36.8151588
36.9985046
37.0781326
36.1927643
36.7409554
36.8304977
14.0764971 ///////////////// 1800 x 1800 T
14.8168259
15.4597063
15.3746462
15.3960590
15.3581324
15.2469282
15.4727716
15.7094660
15.0582752
58.5973473 ////////////////// 1800 x 1800 N
57.9582024
57.8297997
57.7686958
58.0213165
57.9966965
58.0025520
57.9709549
58.1196289
58.3245544
21.5206585 ///////////////// 2000 x 2000 T
21.7823524
21.8630962
22.7692776
22.7474976
22.7823792
21.9351196
21.9091206
23.2902279
21.9287262
86.2337341 ///////////////// 2000 x 2000 N
86.7491074
86.5121918
86.7248001
86.6882935
86.6550980
86.7933655
87.0814667
87.3769684
86.7494583
